0 0.704882 0.197418 0.084320 0.142082
0 0.818787 0.184262 0.087278 0.126295
5 0.133876 0.322398 0.267751 0.244697
5 0.367604 0.235570 0.196746 0.134189
0 0.613905 0.197418 0.100592 0.105246
0 0.968195 0.210574 0.063609 0.073672
0 0.562130 0.189525 0.062130 0.084197
0 0.525148 0.201365 0.035503 0.055254
0 0.491864 0.203996 0.048817 0.071041
0 0.813847 0.195137 0.085083 0.104419
0 0.508946 0.198109 0.044480 0.048423
0 0.450235 0.196280 0.062178 0.068079
0 0.601932 0.200701 0.123475 0.085306
0 0.553630 0.198139 0.063401 0.060157