0 0.080621 0.448225 0.149408 0.144970
0 0.959320 0.467456 0.081360 0.165680
7 0.670118 0.448225 0.047337 0.600592
7 0.410503 0.461538 0.113905 0.390533
7 0.629438 0.454142 0.081361 0.334320
0 0.818047 0.421598 0.056213 0.079882
0 0.901627 0.437870 0.075444 0.118343
-1 0.172812 0.381579 0.228657 0.172662
-1 0.955794 0.455944 0.084736 0.139101
-1 0.828558 0.427508 0.067260 0.065952
-1 0.346836 0.404476 0.022129 0.029658
-1 0.877435 0.431560 0.051653 0.070858
-1 0.725227 0.405607 0.029254 0.034808
-1 0.402011 0.398612 0.021085 0.026597
-1 0.079444 0.451174 0.137808 0.107853
-1 0.925747 0.439886 0.069945 0.095324
-1 0.768283 0.413515 0.024245 0.034321
-1 0.823928 0.411171 0.040996 0.037397