3 0.8300546875 0.1447638888888889 0.032515625000000034 0.057046296296296296
12 0.22505989583333333 0.27447222222222223 0.019921875 0.5169074074074074
23 0.07631510416666668 0.5541250000000001 0.15263020833333335 0.21434259259259264
12 0.5234114583333334 0.28131018518518525 0.01928124999999999 0.4629722222222223
4 0.778625 0.16686574074074073 0.03931250000000001 0.024175925925925938
4 0.8796744791666666 0.1555324074074074 0.04038020833333332 0.025694444444444443
3 0.225734375 0.2929027777777778 0.01717708333333331 0.07734259259259262
23 0.7475078125000001 0.5193425925925926 0.2887760416666667 0.21377777777777782
3 0.1490572916666667 0.16695370370370372 0.013770833333333333 0.0631111111111111
3 0.13513281250000003 0.17511574074074074 0.014078125000000016 0.07289814814814817
4 0.5060390625 0.33669444444444446 0.010421874999999995 0.056574074074074096
